# [resume] 从 epoch 10 恢复训练 at 20260429_145930
  11  0.05802013  0.05282998  0.05190151
  12  0.04800100  0.04331360  0.04687398
  13  0.04604316  0.04145426  0.04588902
  14  0.04576385  0.04118902  0.04574831
  15  0.04707107  0.04250976  0.04561310
  16  0.04629601  0.04177595  0.04520058
  17  0.04597662  0.04148288  0.04493731
  18  0.04628712  0.04181635  0.04470771
  19  0.04424454  0.03978646  0.04458073
  20  0.04315288  0.03870102  0.04451855
  21  0.04438854  0.03996581  0.04422727
  22  0.04441056  0.04003563  0.04374929
  23  0.04559357  0.04118635  0.04407213
  24  0.04482930  0.04043307  0.04396230
  25  0.04483727  0.04043416  0.04403112
  26  0.04371304  0.03934079  0.04372244
  27  0.04420347  0.03979163  0.04411841
  28  0.04513244  0.04074524  0.04387199
  29  0.04331009  0.03897083  0.04339267
  30  0.04314825  0.03882515  0.04323098
  31  0.04287030  0.03850734  0.04362962
  32  0.04241735  0.03806424  0.04353113
  33  0.04343552  0.03908052  0.04355002
  34  0.04283216  0.03849860  0.04333558
  35  0.04355960  0.03923667  0.04322936
  36  0.04362231  0.03928166  0.04340652
  37  0.04387511  0.03953349  0.04341628
  38  0.04289683  0.03856424  0.04332590
  39  0.04396476  0.03963645  0.04328311
  40  0.04269753  0.03840187  0.04295658
  41  0.04302782  0.03868831  0.04339510
  42  0.04437864  0.04003005  0.04348596
  43  0.04299711  0.03867256  0.04324551
  44  0.04221084  0.03790514  0.04305694
  45  0.04299792  0.03870001  0.04297909
  46  0.04209479  0.03778544  0.04309342
  47  0.04359247  0.03928057  0.04311902
  48  0.04357961  0.03925471  0.04324896
  49  0.04267366  0.03836493  0.04308723
  50  0.04290923  0.03860712  0.04302105
# Training completed.
# Final epoch: 50  Final ckpt: ..\output\experiments\entrodiff_mvp_run1
